1111111111111000
1111111111110110
1111111111110001
1111111111101001
1111111111011111
1111111111010001
1111111110111111
1111111110101001
1111111110001110
1111111101101110
1111111101001000
1111111100011100
1111111011101001
1111111010101111
1111111001101111
1111111000101000
1111110111011011
1111110110001000
1111110100110001
1111110011011000
1111110001111101
1111110000100011
1111101111001101
1111101101111101
1111101100110111
1111101011111110
1111101011010111
1111101011000100
1111101011001011
1111101011110001
1111101100111001
1111101110101000
1111110001000011
1111110100001110
1111111000001100
1111111101000001
0000000010101110
0000001001011001
0000010001000000
0000011001100100
0000100011000101
0000101101100010
0000111000111000
0001000101000100
0001010010000000
0001011111100111
0001101101110011
0001111100011100
0010001011011001
0010011010100001
0010101001101011
0010111000101100
0011000111011001
0011010101101000
0011100011001110
0011110000000000
0011111011110100
0100000110100001
0100001111111101
0100011000000010
0100011110101000
0100100011101001
0100100111000010
0100101000101111
0100101000101111
0100100111000010
0100100011101001
0100011110101000
0100011000000010
0100001111111101
0100000110100001
0011111011110100
0011110000000000
0011100011001110
0011010101101000
0011000111011001
0010111000101100
0010101001101011
0010011010100001
0010001011011001
0001111100011100
0001101101110011
0001011111100111
0001010010000000
0001000101000100
0000111000111000
0000101101100010
0000100011000101
0000011001100100
0000010001000000
0000001001011001
0000000010101110
1111111101000001
1111111000001100
1111110100001110
1111110001000011
1111101110101000
1111101100111001
1111101011110001
1111101011001011
1111101011000100
1111101011010111
1111101011111110
1111101100110111
1111101101111101
1111101111001101
1111110000100011
1111110001111101
1111110011011000
1111110100110001
1111110110001000
1111110111011011
1111111000101000
1111111001101111
1111111010101111
1111111011101001
1111111100011100
1111111101001000
1111111101101110
1111111110001110
1111111110101001
1111111110111111
1111111111010001
1111111111011111
1111111111101001
1111111111110001
1111111111110110
1111111111111000
