0000000000000001
0000000000001011
0000000000011110
0000000000111100
0000000001100011
0000000010010100
0000000011001110
0000000100010010
0000000101011111
0000000110110101
0000001000010100
0000001001111011
0000001011101011
0000001101100010
0000001111100010
0000010001101001
0000010011110111
0000010110001100
0000011000101000
0000011011001001
0000011101110000
0000100000011101
0000100011001110
0000100110000100
0000101000111101
0000101011111011
0000101110111011
0000110001111110
0000110101000011
0000111000001010
0000111011010010
0000111110011011
0001000001100100
0001000100101101
0001000111110101
0001001010111100
0001001110000001
0001010001000100
0001010100000100
0001010111000010
0001011001111011
0001011100110001
0001011111100010
0001100010001111
0001100100110110
0001100111010111
0001101001110011
0001101100001000
0001101110010110
0001110000011101
0001110010011101
0001110100010100
0001110110000100
0001110111101011
0001111001001010
0001111010100000
0001111011101101
0001111100110001
0001111101101011
0001111110011100
0001111111000011
0001111111100001
0001111111110100
0001111111111110
0001111111111110
0001111111110100
0001111111100001
0001111111000011
0001111110011100
0001111101101011
0001111100110001
0001111011101101
0001111010100000
0001111001001010
0001110111101011
0001110110000100
0001110100010100
0001110010011101
0001110000011101
0001101110010110
0001101100001000
0001101001110011
0001100111010111
0001100100110110
0001100010001111
0001011111100010
0001011100110001
0001011001111011
0001010111000010
0001010100000100
0001010001000100
0001001110000001
0001001010111100
0001000111110101
0001000100101101
0001000001100100
0000111110011011
0000111011010010
0000111000001010
0000110101000011
0000110001111110
0000101110111011
0000101011111011
0000101000111101
0000100110000100
0000100011001110
0000100000011101
0000011101110000
0000011011001001
0000011000101000
0000010110001100
0000010011110111
0000010001101001
0000001111100010
0000001101100010
0000001011101011
0000001001111011
0000001000010100
0000000110110101
0000000101011111
0000000100010010
0000000011001110
0000000010010100
0000000001100011
0000000000111100
0000000000011110
0000000000001011
0000000000000001
