0000000000000110
0000000000001011
0000000000010010
0000000000011011
0000000000100111
0000000000110110
0000000001000111
0000000001011101
0000000001110111
0000000010010101
0000000010111001
0000000011100010
0000000100010001
0000000101001000
0000000110000101
0000000111001010
0000001000011000
0000001001101111
0000001011001110
0000001100111000
0000001110101100
0000010000101010
0000010010110011
0000010101000111
0000010111100111
0000011010010010
0000011101001000
0000100000001010
0000100011010111
0000100110110000
0000101010010011
0000101110000001
0000110001111001
0000110101111011
0000111010000101
0000111110011000
0001000010110010
0001000111010011
0001001011111001
0001010000100011
0001010101010000
0001011010000000
0001011110110000
0001100011100000
0001101000001110
0001101100111000
0001110001011101
0001110101111101
0001111010010100
0001111110100011
0010000010100110
0010000110011110
0010001010001001
0010001101100101
0010010000110001
0010010011101101
0010010110010110
0010011000101101
0010011010101111
0010011100011101
0010011101110110
0010011110111001
0010011111100110
0010011111111101
0010011111111101
0010011111100110
0010011110111001
0010011101110110
0010011100011101
0010011010101111
0010011000101101
0010010110010110
0010010011101101
0010010000110001
0010001101100101
0010001010001001
0010000110011110
0010000010100110
0001111110100011
0001111010010100
0001110101111101
0001110001011101
0001101100111000
0001101000001110
0001100011100000
0001011110110000
0001011010000000
0001010101010000
0001010000100011
0001001011111001
0001000111010011
0001000010110010
0000111110011000
0000111010000101
0000110101111011
0000110001111001
0000101110000001
0000101010010011
0000100110110000
0000100011010111
0000100000001010
0000011101001000
0000011010010010
0000010111100111
0000010101000111
0000010010110011
0000010000101010
0000001110101100
0000001100111000
0000001011001110
0000001001101111
0000001000011000
0000000111001010
0000000110000101
0000000101001000
0000000100010001
0000000011100010
0000000010111001
0000000010010101
0000000001110111
0000000001011101
0000000001000111
0000000000110110
0000000000100111
0000000000011011
0000000000010010
0000000000001011
0000000000000110
